{
 "cells": [
  {
   "cell_type": "markdown",
   "metadata": {},
   "source": [
    "# Ricoh Jetmapping Table Calculations"
   ]
  },
  {
   "cell_type": "markdown",
   "metadata": {},
   "source": [
    "## RI_GEN4"
   ]
  },
  {
   "cell_type": "markdown",
   "metadata": {},
   "source": [
    "### Pixel Row Position"
   ]
  },
  {
   "cell_type": "code",
   "execution_count": 1,
   "metadata": {
    "collapsed": false
   },
   "outputs": [
    {
     "name": "stdout",
     "output_type": "stream",
     "text": [
      "150dpi = 0.16933333333333334mm pixel pitch\n",
      "Pixel Row position\n",
      "Channel A = 0\n",
      "Channel B = 5.874803149606299 >> rounded = 6\n"
     ]
    }
   ],
   "source": [
    "def calc_pixel_row_position(mm_ab): # distance ch_a - ch_b\n",
    "  resolution     = 150 # dpi\n",
    "  inch2cm        = 2.54 # cm/inch\n",
    "  pixel_pitch    = (inch2cm/float(resolution))*10 # in mm\n",
    "  print (\"{0}dpi = {1}mm pixel pitch\".format(resolution, pixel_pitch))\n",
    "  channel_a      = 0\n",
    "  channel_b      = (mm_ab)/pixel_pitch\n",
    "  \n",
    "  print(\"Pixel Row position\")\n",
    "  print(\"Channel A = {0}\".format(channel_a))\n",
    "  print(\"Channel B = {0} >> rounded = {1}\".format(channel_b, int(round(channel_b))))\n",
    "        \n",
    "calc_pixel_row_position(mm_ab=0.9948)"
   ]
  },
  {
   "cell_type": "markdown",
   "metadata": {},
   "source": [
    "### Calc Nozzle Pixel Address"
   ]
  },
  {
   "cell_type": "code",
   "execution_count": 2,
   "metadata": {
    "collapsed": false
   },
   "outputs": [
    {
     "name": "stdout",
     "output_type": "stream",
     "text": [
      "| Nozzle || Channel A | Channel B | Channel A Flip Y | Channel B Flip Y |\n",
      "+--------++-----------+-----------+------------------+------------------+\n",
      "       0 ||       383 |         0 |                1 |              382 |\n",
      "       1 ||       381 |         2 |                3 |              380 |\n",
      "       2 ||       379 |         4 |                5 |              378 |\n",
      "       3 ||       377 |         6 |                7 |              376 |\n",
      "       4 ||       375 |         8 |                9 |              374 |\n",
      "       5 ||       373 |        10 |               11 |              372 |\n",
      "       6 ||       371 |        12 |               13 |              370 |\n",
      "       7 ||       369 |        14 |               15 |              368 |\n",
      "       8 ||       367 |        16 |               17 |              366 |\n",
      "       9 ||       365 |        18 |               19 |              364 |\n",
      "      10 ||       363 |        20 |               21 |              362 |\n",
      "      11 ||       361 |        22 |               23 |              360 |\n",
      "      12 ||       359 |        24 |               25 |              358 |\n",
      "      13 ||       357 |        26 |               27 |              356 |\n",
      "      14 ||       355 |        28 |               29 |              354 |\n",
      "      15 ||       353 |        30 |               31 |              352 |\n",
      "      16 ||       351 |        32 |               33 |              350 |\n",
      "      17 ||       349 |        34 |               35 |              348 |\n",
      "      18 ||       347 |        36 |               37 |              346 |\n",
      "      19 ||       345 |        38 |               39 |              344 |\n",
      "      20 ||       343 |        40 |               41 |              342 |\n",
      "      21 ||       341 |        42 |               43 |              340 |\n",
      "      22 ||       339 |        44 |               45 |              338 |\n",
      "      23 ||       337 |        46 |               47 |              336 |\n",
      "      24 ||       335 |        48 |               49 |              334 |\n",
      "      25 ||       333 |        50 |               51 |              332 |\n",
      "      26 ||       331 |        52 |               53 |              330 |\n",
      "      27 ||       329 |        54 |               55 |              328 |\n",
      "      28 ||       327 |        56 |               57 |              326 |\n",
      "      29 ||       325 |        58 |               59 |              324 |\n",
      "      30 ||       323 |        60 |               61 |              322 |\n",
      "      31 ||       321 |        62 |               63 |              320 |\n",
      "      32 ||       319 |        64 |               65 |              318 |\n",
      "      33 ||       317 |        66 |               67 |              316 |\n",
      "      34 ||       315 |        68 |               69 |              314 |\n",
      "      35 ||       313 |        70 |               71 |              312 |\n",
      "      36 ||       311 |        72 |               73 |              310 |\n",
      "      37 ||       309 |        74 |               75 |              308 |\n",
      "      38 ||       307 |        76 |               77 |              306 |\n",
      "      39 ||       305 |        78 |               79 |              304 |\n",
      "      40 ||       303 |        80 |               81 |              302 |\n",
      "      41 ||       301 |        82 |               83 |              300 |\n",
      "      42 ||       299 |        84 |               85 |              298 |\n",
      "      43 ||       297 |        86 |               87 |              296 |\n",
      "      44 ||       295 |        88 |               89 |              294 |\n",
      "      45 ||       293 |        90 |               91 |              292 |\n",
      "      46 ||       291 |        92 |               93 |              290 |\n",
      "      47 ||       289 |        94 |               95 |              288 |\n",
      "      48 ||       287 |        96 |               97 |              286 |\n",
      "      49 ||       285 |        98 |               99 |              284 |\n",
      "      50 ||       283 |       100 |              101 |              282 |\n",
      "      51 ||       281 |       102 |              103 |              280 |\n",
      "      52 ||       279 |       104 |              105 |              278 |\n",
      "      53 ||       277 |       106 |              107 |              276 |\n",
      "      54 ||       275 |       108 |              109 |              274 |\n",
      "      55 ||       273 |       110 |              111 |              272 |\n",
      "      56 ||       271 |       112 |              113 |              270 |\n",
      "      57 ||       269 |       114 |              115 |              268 |\n",
      "      58 ||       267 |       116 |              117 |              266 |\n",
      "      59 ||       265 |       118 |              119 |              264 |\n",
      "      60 ||       263 |       120 |              121 |              262 |\n",
      "      61 ||       261 |       122 |              123 |              260 |\n",
      "      62 ||       259 |       124 |              125 |              258 |\n",
      "      63 ||       257 |       126 |              127 |              256 |\n",
      "      64 ||       255 |       128 |              129 |              254 |\n",
      "      65 ||       253 |       130 |              131 |              252 |\n",
      "      66 ||       251 |       132 |              133 |              250 |\n",
      "      67 ||       249 |       134 |              135 |              248 |\n",
      "      68 ||       247 |       136 |              137 |              246 |\n",
      "      69 ||       245 |       138 |              139 |              244 |\n",
      "      70 ||       243 |       140 |              141 |              242 |\n",
      "      71 ||       241 |       142 |              143 |              240 |\n",
      "      72 ||       239 |       144 |              145 |              238 |\n",
      "      73 ||       237 |       146 |              147 |              236 |\n",
      "      74 ||       235 |       148 |              149 |              234 |\n",
      "      75 ||       233 |       150 |              151 |              232 |\n",
      "      76 ||       231 |       152 |              153 |              230 |\n",
      "      77 ||       229 |       154 |              155 |              228 |\n",
      "      78 ||       227 |       156 |              157 |              226 |\n",
      "      79 ||       225 |       158 |              159 |              224 |\n",
      "      80 ||       223 |       160 |              161 |              222 |\n",
      "      81 ||       221 |       162 |              163 |              220 |\n",
      "      82 ||       219 |       164 |              165 |              218 |\n",
      "      83 ||       217 |       166 |              167 |              216 |\n",
      "      84 ||       215 |       168 |              169 |              214 |\n",
      "      85 ||       213 |       170 |              171 |              212 |\n",
      "      86 ||       211 |       172 |              173 |              210 |\n",
      "      87 ||       209 |       174 |              175 |              208 |\n",
      "      88 ||       207 |       176 |              177 |              206 |\n",
      "      89 ||       205 |       178 |              179 |              204 |\n",
      "      90 ||       203 |       180 |              181 |              202 |\n",
      "      91 ||       201 |       182 |              183 |              200 |\n",
      "      92 ||       199 |       184 |              185 |              198 |\n",
      "      93 ||       197 |       186 |              187 |              196 |\n",
      "      94 ||       195 |       188 |              189 |              194 |\n",
      "      95 ||       193 |       190 |              191 |              192 |\n",
      "      96 ||       191 |       192 |              193 |              190 |\n",
      "      97 ||       189 |       194 |              195 |              188 |\n",
      "      98 ||       187 |       196 |              197 |              186 |\n",
      "      99 ||       185 |       198 |              199 |              184 |\n",
      "     100 ||       183 |       200 |              201 |              182 |\n",
      "     101 ||       181 |       202 |              203 |              180 |\n",
      "     102 ||       179 |       204 |              205 |              178 |\n",
      "     103 ||       177 |       206 |              207 |              176 |\n",
      "     104 ||       175 |       208 |              209 |              174 |\n",
      "     105 ||       173 |       210 |              211 |              172 |\n",
      "     106 ||       171 |       212 |              213 |              170 |\n",
      "     107 ||       169 |       214 |              215 |              168 |\n",
      "     108 ||       167 |       216 |              217 |              166 |\n",
      "     109 ||       165 |       218 |              219 |              164 |\n",
      "     110 ||       163 |       220 |              221 |              162 |\n",
      "     111 ||       161 |       222 |              223 |              160 |\n",
      "     112 ||       159 |       224 |              225 |              158 |\n",
      "     113 ||       157 |       226 |              227 |              156 |\n",
      "     114 ||       155 |       228 |              229 |              154 |\n",
      "     115 ||       153 |       230 |              231 |              152 |\n",
      "     116 ||       151 |       232 |              233 |              150 |\n",
      "     117 ||       149 |       234 |              235 |              148 |\n",
      "     118 ||       147 |       236 |              237 |              146 |\n",
      "     119 ||       145 |       238 |              239 |              144 |\n",
      "     120 ||       143 |       240 |              241 |              142 |\n",
      "     121 ||       141 |       242 |              243 |              140 |\n",
      "     122 ||       139 |       244 |              245 |              138 |\n",
      "     123 ||       137 |       246 |              247 |              136 |\n",
      "     124 ||       135 |       248 |              249 |              134 |\n",
      "     125 ||       133 |       250 |              251 |              132 |\n",
      "     126 ||       131 |       252 |              253 |              130 |\n",
      "     127 ||       129 |       254 |              255 |              128 |\n",
      "     128 ||       127 |       256 |              257 |              126 |\n",
      "     129 ||       125 |       258 |              259 |              124 |\n",
      "     130 ||       123 |       260 |              261 |              122 |\n",
      "     131 ||       121 |       262 |              263 |              120 |\n",
      "     132 ||       119 |       264 |              265 |              118 |\n",
      "     133 ||       117 |       266 |              267 |              116 |\n",
      "     134 ||       115 |       268 |              269 |              114 |\n",
      "     135 ||       113 |       270 |              271 |              112 |\n",
      "     136 ||       111 |       272 |              273 |              110 |\n",
      "     137 ||       109 |       274 |              275 |              108 |\n",
      "     138 ||       107 |       276 |              277 |              106 |\n",
      "     139 ||       105 |       278 |              279 |              104 |\n",
      "     140 ||       103 |       280 |              281 |              102 |\n",
      "     141 ||       101 |       282 |              283 |              100 |\n",
      "     142 ||        99 |       284 |              285 |               98 |\n",
      "     143 ||        97 |       286 |              287 |               96 |\n",
      "     144 ||        95 |       288 |              289 |               94 |\n",
      "     145 ||        93 |       290 |              291 |               92 |\n",
      "     146 ||        91 |       292 |              293 |               90 |\n",
      "     147 ||        89 |       294 |              295 |               88 |\n",
      "     148 ||        87 |       296 |              297 |               86 |\n",
      "     149 ||        85 |       298 |              299 |               84 |\n",
      "     150 ||        83 |       300 |              301 |               82 |\n",
      "     151 ||        81 |       302 |              303 |               80 |\n",
      "     152 ||        79 |       304 |              305 |               78 |\n",
      "     153 ||        77 |       306 |              307 |               76 |\n",
      "     154 ||        75 |       308 |              309 |               74 |\n",
      "     155 ||        73 |       310 |              311 |               72 |\n",
      "     156 ||        71 |       312 |              313 |               70 |\n",
      "     157 ||        69 |       314 |              315 |               68 |\n",
      "     158 ||        67 |       316 |              317 |               66 |\n",
      "     159 ||        65 |       318 |              319 |               64 |\n",
      "     160 ||        63 |       320 |              321 |               62 |\n",
      "     161 ||        61 |       322 |              323 |               60 |\n",
      "     162 ||        59 |       324 |              325 |               58 |\n",
      "     163 ||        57 |       326 |              327 |               56 |\n",
      "     164 ||        55 |       328 |              329 |               54 |\n",
      "     165 ||        53 |       330 |              331 |               52 |\n",
      "     166 ||        51 |       332 |              333 |               50 |\n",
      "     167 ||        49 |       334 |              335 |               48 |\n",
      "     168 ||        47 |       336 |              337 |               46 |\n",
      "     169 ||        45 |       338 |              339 |               44 |\n",
      "     170 ||        43 |       340 |              341 |               42 |\n",
      "     171 ||        41 |       342 |              343 |               40 |\n",
      "     172 ||        39 |       344 |              345 |               38 |\n",
      "     173 ||        37 |       346 |              347 |               36 |\n",
      "     174 ||        35 |       348 |              349 |               34 |\n",
      "     175 ||        33 |       350 |              351 |               32 |\n",
      "     176 ||        31 |       352 |              353 |               30 |\n",
      "     177 ||        29 |       354 |              355 |               28 |\n",
      "     178 ||        27 |       356 |              357 |               26 |\n",
      "     179 ||        25 |       358 |              359 |               24 |\n",
      "     180 ||        23 |       360 |              361 |               22 |\n",
      "     181 ||        21 |       362 |              363 |               20 |\n",
      "     182 ||        19 |       364 |              365 |               18 |\n",
      "     183 ||        17 |       366 |              367 |               16 |\n",
      "     184 ||        15 |       368 |              369 |               14 |\n",
      "     185 ||        13 |       370 |              371 |               12 |\n",
      "     186 ||        11 |       372 |              373 |               10 |\n",
      "     187 ||         9 |       374 |              375 |                8 |\n",
      "     188 ||         7 |       376 |              377 |                6 |\n",
      "     189 ||         5 |       378 |              379 |                4 |\n",
      "     190 ||         3 |       380 |              381 |                2 |\n",
      "     191 ||         1 |       382 |              383 |                0 |\n"
     ]
    }
   ],
   "source": [
    "# This method is wrong channel a and b switched\n",
    "def calc_pixel_address_old():\n",
    "  print(\"| Nozzle || Channel A | Channel B | Channel A Flip Y | Channel B Flip Y |\")\n",
    "  print(\"+--------++-----------+-----------+------------------+------------------+\")\n",
    "  for nozzle in range(192): # 0 - 191\n",
    "    # Mask Address Calculation\n",
    "    channel_a = (    nozzle)*2+0\n",
    "    channel_b = (191-nozzle)*2+1\n",
    "    # Flip Y\n",
    "    # Mask Address Calculation\n",
    "    channel_a_flip_y = (191-nozzle)*2+0\n",
    "    channel_b_flip_y = (    nozzle)*2+1\n",
    "    print(\" {0:7} || {1:9} | {2:9} | {3:16} | {4:16} |\".format(nozzle, channel_a, channel_b, channel_a_flip_y, channel_b_flip_y))\n",
    "\n",
    "#calc_pixel_address_old()\n",
    "\n",
    "# This is the correct method\n",
    "def calc_pixel_address():\n",
    "  print(\"| Nozzle || Channel A | Channel B | Channel A Flip Y | Channel B Flip Y |\")\n",
    "  print(\"+--------++-----------+-----------+------------------+------------------+\")\n",
    "  for nozzle in range(192): # 0 - 191\n",
    "    # Mask Address Calculation\n",
    "    channel_a = (191-nozzle)*2+1\n",
    "    channel_b = (    nozzle)*2+0\n",
    "    # Flip Y\n",
    "    # Mask Address Calculation\n",
    "    channel_a_flip_y = (    nozzle)*2+1\n",
    "    channel_b_flip_y = (191-nozzle)*2+0\n",
    "    print(\" {0:7} || {1:9} | {2:9} | {3:16} | {4:16} |\".format(nozzle, channel_a, channel_b, channel_a_flip_y, channel_b_flip_y))\n",
    "calc_pixel_address()"
   ]
  },
  {
   "cell_type": "markdown",
   "metadata": {},
   "source": [
    "## RI_GEN5"
   ]
  },
  {
   "cell_type": "markdown",
   "metadata": {},
   "source": [
    "### Pixel Row Position"
   ]
  },
  {
   "cell_type": "code",
   "execution_count": 3,
   "metadata": {
    "collapsed": false
   },
   "outputs": [
    {
     "name": "stdout",
     "output_type": "stream",
     "text": [
      "Pixel Row position\n",
      "Channel A = 0\n",
      "Channel B = 12.999212598425197\n",
      "Channel C = 279.0\n",
      "Channel D = 291.9992125984252\n"
     ]
    }
   ],
   "source": [
    "def calc_pixel_row_position(mm_ab, mm_bc, mm_cd): # distance ch_a - ch_b, ch_b - ch_c, ch_c - ch_d\n",
    "  resolution     = 600 # dpi\n",
    "  inch2cm        = 2.54 # cm/inch\n",
    "  pixel_pitch    = (inch2cm/float(resolution))*10 # in mm\n",
    "  channel_a      = 0\n",
    "  channel_b      = (mm_ab)/pixel_pitch\n",
    "  channel_c      = (mm_ab+mm_bc)/pixel_pitch\n",
    "  channel_d      = (mm_ab+mm_bc+mm_cd)/pixel_pitch\n",
    "  \n",
    "  print(\"Pixel Row position\")\n",
    "  print(\"Channel A = {0}\".format(channel_a))\n",
    "  print(\"Channel B = {0}\".format(channel_b))\n",
    "  print(\"Channel C = {0}\".format(channel_c))\n",
    "  print(\"Channel D = {0}\".format(channel_d))\n",
    "calc_pixel_row_position(mm_ab=0.5503, mm_bc=11.811-0.5503, mm_cd=0.5503)"
   ]
  },
  {
   "cell_type": "markdown",
   "metadata": {},
   "source": [
    "### Calc Nozzle Pixel Address"
   ]
  },
  {
   "cell_type": "code",
   "execution_count": 4,
   "metadata": {
    "collapsed": false
   },
   "outputs": [
    {
     "name": "stdout",
     "output_type": "stream",
     "text": [
      "+------------------------------------------------------------------------+\n",
      "|                                 no Flip                                |\n",
      "+--------+---------------+---------------+---------------+---------------+\n",
      "| Nozzle |    Channel A  |    Channel B  |    Channel C  |    Channel D  |\n",
      "|        | Pos X | Pox Y | Pos X | Pos Y | Pos X | Pos Y | Pos X | Pos Y |\n",
      "+--------+-------+-------+-------+-------+-------+-------+-------+-------+\n",
      "|      0 |     0 |  1276 |    13 |     2 |   279 |  1277 |   292 |     3 |\n",
      "|      1 |     0 |  1272 |    13 |     6 |   279 |  1273 |   292 |     7 |\n",
      "|      2 |     0 |  1268 |    13 |    10 |   279 |  1269 |   292 |    11 |\n",
      "|      3 |     0 |  1264 |    13 |    14 |   279 |  1265 |   292 |    15 |\n",
      "|      4 |     0 |  1260 |    13 |    18 |   279 |  1261 |   292 |    19 |\n",
      "|    ... |   ... |   ... |   ... |   ... |   ... |   ... |   ... |   ... |\n",
      "|    315 |     0 |    16 |    13 |  1262 |   279 |    17 |   292 |  1263 |\n",
      "|    316 |     0 |    12 |    13 |  1266 |   279 |    13 |   292 |  1267 |\n",
      "|    317 |     0 |     8 |    13 |  1270 |   279 |     9 |   292 |  1271 |\n",
      "|    318 |     0 |     4 |    13 |  1274 |   279 |     5 |   292 |  1275 |\n",
      "|    319 |     0 |     0 |    13 |  1278 |   279 |     1 |   292 |  1279 |\n",
      "+------------------------------------------------------------------------+\n",
      "|                                 Flip X                                 |\n",
      "+--------+---------------+---------------+---------------+---------------+\n",
      "| Nozzle |    Channel A  |    Channel B  |    Channel C  |    Channel D  |\n",
      "|        | Pos X | Pox Y | Pos X | Pos Y | Pos X | Pos Y | Pos X | Pos Y |\n",
      "+--------+-------+-------+-------+-------+-------+-------+-------+-------+\n",
      "|      0 |   292 |  1276 |   279 |     2 |    13 |  1277 |     0 |     3 |\n",
      "|      1 |   292 |  1272 |   279 |     6 |    13 |  1273 |     0 |     7 |\n",
      "|      2 |   292 |  1268 |   279 |    10 |    13 |  1269 |     0 |    11 |\n",
      "|      3 |   292 |  1264 |   279 |    14 |    13 |  1265 |     0 |    15 |\n",
      "|      4 |   292 |  1260 |   279 |    18 |    13 |  1261 |     0 |    19 |\n",
      "|    ... |   ... |   ... |   ... |   ... |   ... |   ... |   ... |   ... |\n",
      "|    315 |   292 |    16 |   279 |  1262 |    13 |    17 |     0 |  1263 |\n",
      "|    316 |   292 |    12 |   279 |  1266 |    13 |    13 |     0 |  1267 |\n",
      "|    317 |   292 |     8 |   279 |  1270 |    13 |     9 |     0 |  1271 |\n",
      "|    318 |   292 |     4 |   279 |  1274 |    13 |     5 |     0 |  1275 |\n",
      "|    319 |   292 |     0 |   279 |  1278 |    13 |     1 |     0 |  1279 |\n",
      "+------------------------------------------------------------------------+\n",
      "|                                 Flip Y                                 |\n",
      "+--------+---------------+---------------+---------------+---------------+\n",
      "| Nozzle |    Channel A  |    Channel B  |    Channel C  |    Channel D  |\n",
      "|        | Pos X | Pox Y | Pos X | Pos Y | Pos X | Pos Y | Pos X | Pos Y |\n",
      "+--------+-------+-------+-------+-------+-------+-------+-------+-------+\n",
      "|      0 |     0 |     3 |    13 |  1277 |   279 |     2 |   292 |  1276 |\n",
      "|      1 |     0 |     7 |    13 |  1273 |   279 |     6 |   292 |  1272 |\n",
      "|      2 |     0 |    11 |    13 |  1269 |   279 |    10 |   292 |  1268 |\n",
      "|      3 |     0 |    15 |    13 |  1265 |   279 |    14 |   292 |  1264 |\n",
      "|      4 |     0 |    19 |    13 |  1261 |   279 |    18 |   292 |  1260 |\n",
      "|    ... |   ... |   ... |   ... |   ... |   ... |   ... |   ... |   ... |\n",
      "|    315 |     0 |  1263 |    13 |    17 |   279 |  1262 |   292 |    16 |\n",
      "|    316 |     0 |  1267 |    13 |    13 |   279 |  1266 |   292 |    12 |\n",
      "|    317 |     0 |  1271 |    13 |     9 |   279 |  1270 |   292 |     8 |\n",
      "|    318 |     0 |  1275 |    13 |     5 |   279 |  1274 |   292 |     4 |\n",
      "|    319 |     0 |  1279 |    13 |     1 |   279 |  1278 |   292 |     0 |\n",
      "+------------------------------------------------------------------------+\n",
      "|                            Flip X and Flip Y                           |\n",
      "+--------+---------------+---------------+---------------+---------------+\n",
      "| Nozzle |    Channel A  |    Channel B  |    Channel C  |    Channel D  |\n",
      "|        | Pos X | Pox Y | Pos X | Pos Y | Pos X | Pos Y | Pos X | Pos Y |\n",
      "+--------+-------+-------+-------+-------+-------+-------+-------+-------+\n",
      "|      0 |   292 |     3 |   279 |  1277 |    13 |     2 |     0 |  1276 |\n",
      "|      1 |   292 |     7 |   279 |  1273 |    13 |     6 |     0 |  1272 |\n",
      "|      2 |   292 |    11 |   279 |  1269 |    13 |    10 |     0 |  1268 |\n",
      "|      3 |   292 |    15 |   279 |  1265 |    13 |    14 |     0 |  1264 |\n",
      "|      4 |   292 |    19 |   279 |  1261 |    13 |    18 |     0 |  1260 |\n",
      "|    ... |   ... |   ... |   ... |   ... |   ... |   ... |   ... |   ... |\n",
      "|    315 |   292 |  1263 |   279 |    17 |    13 |  1262 |     0 |    16 |\n",
      "|    316 |   292 |  1267 |   279 |    13 |    13 |  1266 |     0 |    12 |\n",
      "|    317 |   292 |  1271 |   279 |     9 |    13 |  1270 |     0 |     8 |\n",
      "|    318 |   292 |  1275 |   279 |     5 |    13 |  1274 |     0 |     4 |\n",
      "|    319 |   292 |  1279 |   279 |     1 |    13 |  1278 |     0 |     0 |\n"
     ]
    }
   ],
   "source": [
    "def calc_pixel_address(flip_y=False, flip_x=False, short=True):\n",
    "  print(\"+------------------------------------------------------------------------+\")\n",
    "  if (flip_y and flip_x):\n",
    "    print(\"|                            Flip X and Flip Y                           |\")\n",
    "  elif flip_y:\n",
    "    print(\"|                                 Flip Y                                 |\")\n",
    "  elif flip_x:\n",
    "    print(\"|                                 Flip X                                 |\")\n",
    "  else:\n",
    "    print(\"|                                 no Flip                                |\")\n",
    "  print(\"+--------+---------------+---------------+---------------+---------------+\")\n",
    "  print(\"| Nozzle |    Channel A  |    Channel B  |    Channel C  |    Channel D  |\")\n",
    "  print(\"|        | Pos X | Pox Y | Pos X | Pos Y | Pos X | Pos Y | Pos X | Pos Y |\")\n",
    "  print(\"+--------+-------+-------+-------+-------+-------+-------+-------+-------+\")\n",
    "\n",
    "  for nozzle in range(320): # 0 - 319\n",
    "    if flip_y == False:\n",
    "      nozzle_address_ch0 = 319 - nozzle\n",
    "      nozzle_address_ch2 = 319 - nozzle\n",
    "      nozzle_address_ch1 = nozzle\n",
    "      nozzle_address_ch3 = nozzle\n",
    "      pos_y_ch0 = nozzle_address_ch0 * 4 + 0\n",
    "      pos_y_ch1 = nozzle_address_ch1 * 4 + 2\n",
    "      pos_y_ch2 = nozzle_address_ch2 * 4 + 1\n",
    "      pos_y_ch3 = nozzle_address_ch3 * 4 + 3  \n",
    "    else:\n",
    "      nozzle_address_ch0 = nozzle\n",
    "      nozzle_address_ch2 = nozzle\n",
    "      nozzle_address_ch1 = 319 - nozzle\n",
    "      nozzle_address_ch3 = 319 - nozzle\n",
    "      pos_y_ch0 = nozzle_address_ch0 * 4 + 3\n",
    "      pos_y_ch1 = nozzle_address_ch1 * 4 + 1\n",
    "      pos_y_ch2 = nozzle_address_ch2 * 4 + 2\n",
    "      pos_y_ch3 = nozzle_address_ch3 * 4 + 0  \n",
    "      \n",
    "    if flip_x == False:\n",
    "      pos_x_ch0 = 0\n",
    "      pos_x_ch1 = 13\n",
    "      pos_x_ch2 = 279\n",
    "      pos_x_ch3 = 292\n",
    "    else:\n",
    "      pos_x_ch0 = 292\n",
    "      pos_x_ch1 = 279\n",
    "      pos_x_ch2 = 13\n",
    "      pos_x_ch3 = 0\n",
    "\n",
    "    if ((nozzle < 5 or nozzle > 314) and short) or not short:\n",
    "      print(\"| {0:6} | {1:5} | {2:5} | {3:5} | {4:5} | {5:5} | {6:5} | {7:5} | {8:5} |\".format(nozzle, pos_x_ch0, pos_y_ch0, pos_x_ch1, pos_y_ch1, pos_x_ch2, pos_y_ch2, pos_x_ch3, pos_y_ch3))\n",
    "    elif nozzle == 5 and short:\n",
    "      print(\"|    ... |   ... |   ... |   ... |   ... |   ... |   ... |   ... |   ... |\")\n",
    "\n",
    "calc_pixel_address(flip_y = False, flip_x = False)\n",
    "calc_pixel_address(flip_y = False, flip_x = True)\n",
    "calc_pixel_address(flip_y = True, flip_x = False)\n",
    "calc_pixel_address(flip_y = True, flip_x = True)"
   ]
  },
  {
   "cell_type": "code",
   "execution_count": 5,
   "metadata": {
    "collapsed": false
   },
   "outputs": [
    {
     "name": "stdout",
     "output_type": "stream",
     "text": [
      "+------------------------------------------------------------------------+\n",
      "|                                 no Flip                                |\n",
      "+--------+---------------+---------------+---------------+---------------+\n",
      "| Nozzle |    Channel A  |    Channel B  |    Channel C  |    Channel D  |\n",
      "|        | Pos X | Pox Y | Pos X | Pos Y | Pos X | Pos Y | Pos X | Pos Y |\n",
      "+--------+-------+-------+-------+-------+-------+-------+-------+-------+\n",
      "|      0 |     0 |  1276 |    13 |     2 |   279 |  1277 |   292 |     3 |\n",
      "|      1 |     0 |  1272 |    13 |     6 |   279 |  1273 |   292 |     7 |\n",
      "|      2 |     0 |  1268 |    13 |    10 |   279 |  1269 |   292 |    11 |\n",
      "|      3 |     0 |  1264 |    13 |    14 |   279 |  1265 |   292 |    15 |\n",
      "|      4 |     0 |  1260 |    13 |    18 |   279 |  1261 |   292 |    19 |\n",
      "|    ... |   ... |   ... |   ... |   ... |   ... |   ... |   ... |   ... |\n",
      "|    315 |     0 |    16 |    13 |  1262 |   279 |    17 |   292 |  1263 |\n",
      "|    316 |     0 |    12 |    13 |  1266 |   279 |    13 |   292 |  1267 |\n",
      "|    317 |     0 |     8 |    13 |  1270 |   279 |     9 |   292 |  1271 |\n",
      "|    318 |     0 |     4 |    13 |  1274 |   279 |     5 |   292 |  1275 |\n",
      "|    319 |     0 |     0 |    13 |  1278 |   279 |     1 |   292 |  1279 |\n",
      "+------------------------------------------------------------------------+\n",
      "|                                 Flip X                                 |\n",
      "+--------+---------------+---------------+---------------+---------------+\n",
      "| Nozzle |    Channel A  |    Channel B  |    Channel C  |    Channel D  |\n",
      "|        | Pos X | Pox Y | Pos X | Pos Y | Pos X | Pos Y | Pos X | Pos Y |\n",
      "+--------+-------+-------+-------+-------+-------+-------+-------+-------+\n",
      "|      0 |   292 |  1276 |   279 |     2 |    13 |  1277 |     0 |     3 |\n",
      "|      1 |   292 |  1272 |   279 |     6 |    13 |  1273 |     0 |     7 |\n",
      "|      2 |   292 |  1268 |   279 |    10 |    13 |  1269 |     0 |    11 |\n",
      "|      3 |   292 |  1264 |   279 |    14 |    13 |  1265 |     0 |    15 |\n",
      "|      4 |   292 |  1260 |   279 |    18 |    13 |  1261 |     0 |    19 |\n",
      "|    ... |   ... |   ... |   ... |   ... |   ... |   ... |   ... |   ... |\n",
      "|    315 |   292 |    16 |   279 |  1262 |    13 |    17 |     0 |  1263 |\n",
      "|    316 |   292 |    12 |   279 |  1266 |    13 |    13 |     0 |  1267 |\n",
      "|    317 |   292 |     8 |   279 |  1270 |    13 |     9 |     0 |  1271 |\n",
      "|    318 |   292 |     4 |   279 |  1274 |    13 |     5 |     0 |  1275 |\n",
      "|    319 |   292 |     0 |   279 |  1278 |    13 |     1 |     0 |  1279 |\n",
      "+------------------------------------------------------------------------+\n",
      "|                                 Flip Y                                 |\n",
      "+--------+---------------+---------------+---------------+---------------+\n",
      "| Nozzle |    Channel A  |    Channel B  |    Channel C  |    Channel D  |\n",
      "|        | Pos X | Pox Y | Pos X | Pos Y | Pos X | Pos Y | Pos X | Pos Y |\n",
      "+--------+-------+-------+-------+-------+-------+-------+-------+-------+\n",
      "|      0 |     0 |     0 |    13 |  1278 |   279 |     1 |   292 |  1279 |\n",
      "|      1 |     0 |     4 |    13 |  1274 |   279 |     5 |   292 |  1275 |\n",
      "|      2 |     0 |     8 |    13 |  1270 |   279 |     9 |   292 |  1271 |\n",
      "|      3 |     0 |    12 |    13 |  1266 |   279 |    13 |   292 |  1267 |\n",
      "|      4 |     0 |    16 |    13 |  1262 |   279 |    17 |   292 |  1263 |\n",
      "|    ... |   ... |   ... |   ... |   ... |   ... |   ... |   ... |   ... |\n",
      "|    315 |     0 |  1260 |    13 |    18 |   279 |  1261 |   292 |    19 |\n",
      "|    316 |     0 |  1264 |    13 |    14 |   279 |  1265 |   292 |    15 |\n",
      "|    317 |     0 |  1268 |    13 |    10 |   279 |  1269 |   292 |    11 |\n",
      "|    318 |     0 |  1272 |    13 |     6 |   279 |  1273 |   292 |     7 |\n",
      "|    319 |     0 |  1276 |    13 |     2 |   279 |  1277 |   292 |     3 |\n",
      "+------------------------------------------------------------------------+\n",
      "|                            Flip X and Flip Y                           |\n",
      "+--------+---------------+---------------+---------------+---------------+\n",
      "| Nozzle |    Channel A  |    Channel B  |    Channel C  |    Channel D  |\n",
      "|        | Pos X | Pox Y | Pos X | Pos Y | Pos X | Pos Y | Pos X | Pos Y |\n",
      "+--------+-------+-------+-------+-------+-------+-------+-------+-------+\n",
      "|      0 |   292 |     0 |   279 |  1278 |    13 |     1 |     0 |  1279 |\n",
      "|      1 |   292 |     4 |   279 |  1274 |    13 |     5 |     0 |  1275 |\n",
      "|      2 |   292 |     8 |   279 |  1270 |    13 |     9 |     0 |  1271 |\n",
      "|      3 |   292 |    12 |   279 |  1266 |    13 |    13 |     0 |  1267 |\n",
      "|      4 |   292 |    16 |   279 |  1262 |    13 |    17 |     0 |  1263 |\n",
      "|    ... |   ... |   ... |   ... |   ... |   ... |   ... |   ... |   ... |\n",
      "|    315 |   292 |  1260 |   279 |    18 |    13 |  1261 |     0 |    19 |\n",
      "|    316 |   292 |  1264 |   279 |    14 |    13 |  1265 |     0 |    15 |\n",
      "|    317 |   292 |  1268 |   279 |    10 |    13 |  1269 |     0 |    11 |\n",
      "|    318 |   292 |  1272 |   279 |     6 |    13 |  1273 |     0 |     7 |\n",
      "|    319 |   292 |  1276 |   279 |     2 |    13 |  1277 |     0 |     3 |\n"
     ]
    }
   ],
   "source": [
    "def old_calc_pixel_address(flip_y=False, flip_x=False,short = True):\n",
    "  print(\"+------------------------------------------------------------------------+\")\n",
    "  if (flip_y and flip_x):\n",
    "    print(\"|                            Flip X and Flip Y                           |\")\n",
    "  elif flip_y:\n",
    "    print(\"|                                 Flip Y                                 |\")\n",
    "  elif flip_x:\n",
    "    print(\"|                                 Flip X                                 |\")\n",
    "  else:\n",
    "    print(\"|                                 no Flip                                |\")\n",
    "  print(\"+--------+---------------+---------------+---------------+---------------+\")\n",
    "  print(\"| Nozzle |    Channel A  |    Channel B  |    Channel C  |    Channel D  |\")\n",
    "  print(\"|        | Pos X | Pox Y | Pos X | Pos Y | Pos X | Pos Y | Pos X | Pos Y |\")\n",
    "  print(\"+--------+-------+-------+-------+-------+-------+-------+-------+-------+\")\n",
    "\n",
    "  for nozzle in range(320): # 0 - 319\n",
    "    if flip_y == False:\n",
    "      nozzle_address_ch0 = 319 - nozzle\n",
    "      nozzle_address_ch2 = 319 - nozzle\n",
    "      nozzle_address_ch1 = nozzle\n",
    "      nozzle_address_ch3 = nozzle\n",
    "    else:\n",
    "      nozzle_address_ch0 = nozzle\n",
    "      nozzle_address_ch2 = nozzle\n",
    "      nozzle_address_ch1 = 319 - nozzle\n",
    "      nozzle_address_ch3 = 319 - nozzle\n",
    "    \n",
    "    pos_y_ch0 = nozzle_address_ch0 * 4 + 0\n",
    "    pos_y_ch1 = nozzle_address_ch1 * 4 + 2\n",
    "    pos_y_ch2 = nozzle_address_ch2 * 4 + 1\n",
    "    pos_y_ch3 = nozzle_address_ch3 * 4 + 3  \n",
    "      \n",
    "    if flip_x == False:\n",
    "      pos_x_ch0 = 0\n",
    "      pos_x_ch1 = 13\n",
    "      pos_x_ch2 = 279\n",
    "      pos_x_ch3 = 292\n",
    "    else:\n",
    "      pos_x_ch0 = 292\n",
    "      pos_x_ch1 = 279\n",
    "      pos_x_ch2 = 13\n",
    "      pos_x_ch3 = 0\n",
    "\n",
    "    if ((nozzle < 5 or nozzle > 314) and short) or not short:\n",
    "      print(\"| {0:6} | {1:5} | {2:5} | {3:5} | {4:5} | {5:5} | {6:5} | {7:5} | {8:5} |\".format(nozzle, pos_x_ch0, pos_y_ch0, pos_x_ch1, pos_y_ch1, pos_x_ch2, pos_y_ch2, pos_x_ch3, pos_y_ch3))\n",
    "    elif nozzle == 5 and short:\n",
    "      print(\"|    ... |   ... |   ... |   ... |   ... |   ... |   ... |   ... |   ... |\")\n",
    "\n",
    "old_calc_pixel_address(flip_y = False, flip_x = False)\n",
    "old_calc_pixel_address(flip_y = False, flip_x = True)\n",
    "old_calc_pixel_address(flip_y = True, flip_x = False)\n",
    "old_calc_pixel_address(flip_y = True, flip_x = True)"
   ]
  },
  {
   "cell_type": "markdown",
   "metadata": {},
   "source": [
    "### Calc Nozzle Pixel Address (OLD)"
   ]
  },
  {
   "cell_type": "code",
   "execution_count": 6,
   "metadata": {
    "collapsed": false,
    "scrolled": true
   },
   "outputs": [
    {
     "name": "stdout",
     "output_type": "stream",
     "text": [
      "| Nozzle | Channel A | Channel B | Channel C | Channel D |\n",
      "+--------+-----------+-----------+-----------+-----------+\n",
      "       0 |      1276 |         2 |      1277 |         3 |\n",
      "       1 |      1272 |         6 |      1273 |         7 |\n",
      "       2 |      1268 |        10 |      1269 |        11 |\n",
      "       3 |      1264 |        14 |      1265 |        15 |\n",
      "       4 |      1260 |        18 |      1261 |        19 |\n",
